{
  "grid": {
    "subjects": [
      "cats",
      "trucks",
      "children"
    ],
    "predicates": [
      "eat",
      "carry",
      "watch"
    ],
    "objects": [
      "fish",
      "rocks",
      "stars"
    ],
    "sentences": [
      "Cats eat fish",
      "Cats eat rocks",
      "Cats eat stars",
      "Cats carry fish",
      "Cats carry rocks",
      "Cats carry stars",
      "Cats watch fish",
      "Cats watch rocks",
      "Cats watch stars",
      "Trucks eat fish",
      "Trucks eat rocks",
      "Trucks eat stars",
      "Trucks carry fish",
      "Trucks carry rocks",
      "Trucks carry stars",
      "Trucks watch fish",
      "Trucks watch rocks",
      "Trucks watch stars",
      "Children eat fish",
      "Children eat rocks",
      "Children eat stars",
      "Children carry fish",
      "Children carry rocks",
      "Children carry stars",
      "Children watch fish",
      "Children watch rocks",
      "Children watch stars"
    ]
  },
  "axis_analysis": {
    "subject": {
      "axis": "subject",
      "same_mean": 0.7023785710334778,
      "same_std": 0.09946223348379135,
      "same_count": 108,
      "diff_mean": 0.461850106716156,
      "diff_std": 0.11862469464540482,
      "diff_count": 243,
      "separation": 0.24052846431732178
    },
    "predicate": {
      "axis": "predicate",
      "same_mean": 0.5833457112312317,
      "same_std": 0.13334709405899048,
      "same_count": 108,
      "diff_mean": 0.5147535800933838,
      "diff_std": 0.1640709787607193,
      "diff_count": 243,
      "separation": 0.0685921311378479
    },
    "object": {
      "axis": "object",
      "same_mean": 0.6577012538909912,
      "same_std": 0.11809945851564407,
      "same_count": 108,
      "diff_mean": 0.4817066490650177,
      "diff_std": 0.14331932365894318,
      "diff_count": 243,
      "separation": 0.1759946048259735
    }
  },
  "joint_analysis": {
    "shared_0": {
      "mean": 0.3604633231405859,
      "std": 0.05295214860006995,
      "count": 108,
      "min": 0.24729719758033752,
      "max": 0.4734739065170288
    },
    "shared_1": {
      "mean": 0.5458202763104144,
      "std": 0.07949489330461917,
      "count": 162,
      "min": 0.37126949429512024,
      "max": 0.7282253503799438
    },
    "shared_2": {
      "mean": 0.7497968335210541,
      "std": 0.0737965499274147,
      "count": 81,
      "min": 0.5817596912384033,
      "max": 0.9152648448944092
    }
  },
  "per_value_pull": {
    "subject:cats": {
      "within_mean": 0.7133610099554062,
      "within_std": 0.0954496770001082,
      "across_mean": 0.4597460116133278,
      "across_std": 0.11963848725202547,
      "pull_strength": 0.2536149983420784
    },
    "subject:trucks": {
      "within_mean": 0.7230684674448438,
      "within_std": 0.0884831211165989,
      "across_mean": 0.45588649919739477,
      "across_std": 0.11351988472555351,
      "pull_strength": 0.267181968247449
    },
    "subject:children": {
      "within_mean": 0.6707063499424193,
      "within_std": 0.10576618812462665,
      "across_mean": 0.4699178273663109,
      "across_std": 0.12210750893047224,
      "pull_strength": 0.2007885225761084
    },
    "predicate:eat": {
      "within_mean": 0.5762846478157573,
      "within_std": 0.13509688876269538,
      "across_mean": 0.5023774968253242,
      "across_std": 0.16203077620865342,
      "pull_strength": 0.0739071509904331
    },
    "predicate:carry": {
      "within_mean": 0.5899138359559907,
      "within_std": 0.13559742972436062,
      "across_mean": 0.5235793393703154,
      "across_std": 0.16513811852890403,
      "pull_strength": 0.06633449658567525
    },
    "predicate:watch": {
      "within_mean": 0.5838387227720685,
      "within_std": 0.12889247926253786,
      "across_mean": 0.5183040001142172,
      "across_std": 0.1642851821927194,
      "pull_strength": 0.06553472265785132
    },
    "object:fish": {
      "within_mean": 0.6574133965704176,
      "within_std": 0.11958352606450114,
      "across_mean": 0.47712646351184373,
      "across_std": 0.1430879483712465,
      "pull_strength": 0.1802869330585739
    },
    "object:rocks": {
      "within_mean": 0.668188257349862,
      "within_std": 0.11007937664836302,
      "across_mean": 0.49237157183664815,
      "across_std": 0.1419878311591644,
      "pull_strength": 0.17581668551321383
    },
    "object:stars": {
      "within_mean": 0.6475023064348433,
      "within_std": 0.12333160180827099,
      "across_mean": 0.4756220214896732,
      "across_std": 0.14427350125260593,
      "pull_strength": 0.1718802849451701
    }
  },
  "similarity_matrix": [
    [
      0.9999998807907104,
      0.7441287040710449,
      0.7068753838539124,
      0.8312188386917114,
      0.6384661793708801,
      0.6058454513549805,
      0.826022207736969,
      0.603400707244873,
      0.5729156732559204,
      0.6376569271087646,
      0.4199966788291931,
      0.37126949429512024,
      0.5203249454498291,
      0.2836710512638092,
      0.2671639919281006,
      0.48703688383102417,
      0.2767563760280609,
      0.2511729598045349,
      0.6470509767532349,
      0.44476523995399475,
      0.44921690225601196,
      0.5213930606842041,
      0.2812334895133972,
      0.25126558542251587,
      0.5382118821144104,
      0.30890530347824097,
      0.24729719758033752
    ],
    [
      0.7441287040710449,
      1.0,
      0.6917847990989685,
      0.6708962321281433,
      0.8607475757598877,
      0.6180832386016846,
      0.6309787034988403,
      0.8346632122993469,
      0.5738375782966614,
      0.4754575192928314,
      0.6724570989608765,
      0.3938610255718231,
      0.39937305450439453,
      0.5457459688186646,
      0.32267341017723083,
      0.3636156916618347,
      0.4803205728530884,
      0.31381112337112427,
      0.4605221748352051,
      0.7100120782852173,
      0.47555652260780334,
      0.39338237047195435,
      0.5437194108963013,
      0.3122099041938782,
      0.3745541572570801,
      0.5945462584495544,
      0.2973651885986328
    ],
    [
      0.7068753838539124,
      0.6917847990989685,
      0.9999997615814209,
      0.6202819347381592,
      0.6029762029647827,
      0.8361014127731323,
      0.6171557307243347,
      0.6396068930625916,
      0.8188859224319458,
      0.44810396432876587,
      0.44138097763061523,
      0.5817596912384033,
      0.3441842794418335,
      0.29480576515197754,
      0.5043479204177856,
      0.34790509939193726,
      0.33672425150871277,
      0.5119325518608093,
      0.44872188568115234,
      0.46985241770744324,
      0.7442296743392944,
      0.3619893491268158,
      0.3037213683128357,
      0.5435508489608765,
      0.39547955989837646,
      0.4052959680557251,
      0.5613718032836914
    ],
    [
      0.8312188386917114,
      0.6708962321281433,
      0.6202819347381592,
      0.9999997615814209,
      0.8082363605499268,
      0.7437280416488647,
      0.8537993431091309,
      0.6844290494918823,
      0.6151086091995239,
      0.5757980346679688,
      0.4138355255126953,
      0.35335680842399597,
      0.6571505069732666,
      0.42895087599754333,
      0.40387287735939026,
      0.5946273803710938,
      0.38414615392684937,
      0.34670233726501465,
      0.5242955684661865,
      0.39348304271698,
      0.3871641159057617,
      0.717144250869751,
      0.47077232599258423,
      0.4194152355194092,
      0.5820582509040833,
      0.3862132430076599,
      0.3027345538139343
    ],
    [
      0.6384661793708801,
      0.8607475757598877,
      0.6029762029647827,
      0.8082363605499268,
      1.0000004768371582,
      0.7616413831710815,
      0.6562105417251587,
      0.873200535774231,
      0.6215720176696777,
      0.4161767065525055,
      0.6024974584579468,
      0.36407727003097534,
      0.5136629343032837,
      0.6578803062438965,
      0.45809394121170044,
      0.4451645016670227,
      0.5569254755973816,
      0.4046715497970581,
      0.36183279752731323,
      0.5831072330474854,
      0.3897668719291687,
      0.5518251657485962,
      0.7056328058242798,
      0.4810236096382141,
      0.40177902579307556,
      0.6196802854537964,
      0.3458293080329895
    ],
    [
      0.6058454513549805,
      0.6180832386016846,
      0.8361014127731323,
      0.7437280416488647,
      0.7616413831710815,
      1.000000238418579,
      0.6609714031219482,
      0.7282253503799438,
      0.8831356763839722,
      0.3617105484008789,
      0.3776257634162903,
      0.5029391050338745,
      0.4298904240131378,
      0.4060496687889099,
      0.6162474751472473,
      0.4220578074455261,
      0.4379817247390747,
      0.5821216702461243,
      0.3505399823188782,
      0.38539114594459534,
      0.603549599647522,
      0.49489977955818176,
      0.46716567873954773,
      0.7150167226791382,
      0.4278291165828705,
      0.4734739065170288,
      0.6163049936294556
    ],
    [
      0.826022207736969,
      0.6309787034988403,
      0.6171557307243347,
      0.8537993431091309,
      0.6562105417251587,
      0.6609714031219482,
      1.000000238418579,
      0.7450093030929565,
      0.7363210916519165,
      0.5422849655151367,
      0.3463999629020691,
      0.32792818546295166,
      0.552849531173706,
      0.29839736223220825,
      0.30915528535842896,
      0.666856050491333,
      0.3946138918399811,
      0.39199554920196533,
      0.5451140403747559,
      0.3667677640914917,
      0.3955591320991516,
      0.5893038511276245,
      0.32075345516204834,
      0.3292279839515686,
      0.7293374538421631,
      0.4578728675842285,
      0.42107534408569336
    ],
    [
      0.603400707244873,
      0.8346632122993469,
      0.6396068930625916,
      0.6844290494918823,
      0.873200535774231,
      0.7282253503799438,
      0.7450093030929565,
      0.9999998807907104,
      0.7645350694656372,
      0.38730794191360474,
      0.577650249004364,
      0.3888854384422302,
      0.43975090980529785,
      0.5709922313690186,
      0.4251145124435425,
      0.5153145790100098,
      0.6465747356414795,
      0.4936895966529846,
      0.37883245944976807,
      0.6011900305747986,
      0.460103839635849,
      0.4632149934768677,
      0.5996842384338379,
      0.4634851813316345,
      0.5248157978057861,
      0.7615514993667603,
      0.5135135054588318
    ],
    [
      0.5729156732559204,
      0.5738375782966614,
      0.8188859224319458,
      0.6151086091995239,
      0.6215720176696777,
      0.8831356763839722,
      0.7363210916519165,
      0.7645350694656372,
      1.0,
      0.3202625513076782,
      0.321071982383728,
      0.5118513703346252,
      0.33275559544563293,
      0.2875472903251648,
      0.5231239199638367,
      0.4557485580444336,
      0.4411642551422119,
      0.6258787512779236,
      0.3249451518058777,
      0.33327919244766235,
      0.5814949870109558,
      0.361895889043808,
      0.31571686267852783,
      0.5897045135498047,
      0.4887584447860718,
      0.49878036975860596,
      0.7166364789009094
    ],
    [
      0.6376569271087646,
      0.4754575192928314,
      0.44810396432876587,
      0.5757980346679688,
      0.4161767065525055,
      0.3617105484008789,
      0.5422849655151367,
      0.38730794191360474,
      0.3202625513076782,
      0.9999998807907104,
      0.7853403687477112,
      0.7246534824371338,
      0.8750301599502563,
      0.6341155171394348,
      0.6247250437736511,
      0.8117468953132629,
      0.5923194289207458,
      0.596488893032074,
      0.6671358942985535,
      0.5097970962524414,
      0.4794842600822449,
      0.5957107543945312,
      0.39149942994117737,
      0.29958575963974,
      0.567614734172821,
      0.36912745237350464,
      0.2678090035915375
    ],
    [
      0.4199966788291931,
      0.6724570989608765,
      0.44138097763061523,
      0.4138355255126953,
      0.6024974584579468,
      0.3776257634162903,
      0.3463999629020691,
      0.577650249004364,
      0.321071982383728,
      0.7853403687477112,
      0.9999997615814209,
      0.754996120929718,
      0.7097809314727783,
      0.870647132396698,
      0.6826775670051575,
      0.6301717758178711,
      0.7839048504829407,
      0.6534973382949829,
      0.4544486403465271,
      0.7035976648330688,
      0.48543524742126465,
      0.43045568466186523,
      0.6172009110450745,
      0.360146164894104,
      0.371171236038208,
      0.6029218435287476,
      0.3095805048942566
    ],
    [
      0.37126949429512024,
      0.3938610255718231,
      0.5817596912384033,
      0.35335680842399597,
      0.36407727003097534,
      0.5029391050338745,
      0.32792818546295166,
      0.3888854384422302,
      0.5118513703346252,
      0.7246534824371338,
      0.754996120929718,
      1.000000238418579,
      0.629692018032074,
      0.6101240515708923,
      0.8052959442138672,
      0.5918451547622681,
      0.669295072555542,
      0.7960338592529297,
      0.4062824547290802,
      0.4510606527328491,
      0.612334132194519,
      0.3657623529434204,
      0.3790281414985657,
      0.5018742084503174,
      0.35659825801849365,
      0.39086246490478516,
      0.5145265460014343
    ],
    [
      0.5203249454498291,
      0.39937305450439453,
      0.3441842794418335,
      0.6571505069732666,
      0.5136629343032837,
      0.4298904240131378,
      0.552849531173706,
      0.43975090980529785,
      0.33275559544563293,
      0.8750301599502563,
      0.7097809314727783,
      0.629692018032074,
      0.9999998807907104,
      0.77176833152771,
      0.745286226272583,
      0.8941076993942261,
      0.6645811200141907,
      0.6662031412124634,
      0.5329896211624146,
      0.41743379831314087,
      0.3751777410507202,
      0.6942052841186523,
      0.5072637796401978,
      0.4013631045818329,
      0.5899211168289185,
      0.42791855335235596,
      0.3041837215423584
    ],
    [
      0.2836710512638092,
      0.5457459688186646,
      0.29480576515197754,
      0.42895087599754333,
      0.6578803062438965,
      0.4060496687889099,
      0.29839736223220825,
      0.5709922313690186,
      0.2875472903251648,
      0.6341155171394348,
      0.870647132396698,
      0.6101240515708923,
      0.77176833152771,
      0.9999999403953552,
      0.7792784571647644,
      0.6534091234207153,
      0.8234786987304688,
      0.6935910582542419,
      0.30738380551338196,
      0.5720129013061523,
      0.34726446866989136,
      0.47825944423675537,
      0.7244604825973511,
      0.45478832721710205,
      0.3432507812976837,
      0.6237884759902954,
      0.32276061177253723
    ],
    [
      0.2671639919281006,
      0.32267341017723083,
      0.5043479204177856,
      0.40387287735939026,
      0.45809394121170044,
      0.6162474751472473,
      0.30915528535842896,
      0.4251145124435425,
      0.5231239199638367,
      0.6247250437736511,
      0.6826775670051575,
      0.8052959442138672,
      0.745286226272583,
      0.7792784571647644,
      0.9999998807907104,
      0.6663228273391724,
      0.7236759662628174,
      0.9152648448944092,
      0.2907644510269165,
      0.36881422996520996,
      0.5374192595481873,
      0.441025048494339,
      0.5061767101287842,
      0.6683878302574158,
      0.35235750675201416,
      0.45685893297195435,
      0.5674152374267578
    ],
    [
      0.48703688383102417,
      0.3636156916618347,
      0.34790509939193726,
      0.5946273803710938,
      0.4451645016670227,
      0.4220578074455261,
      0.666856050491333,
      0.5153145790100098,
      0.4557485580444336,
      0.8117468953132629,
      0.6301717758178711,
      0.5918451547622681,
      0.8941076993942261,
      0.6534091234207153,
      0.6663228273391724,
      1.0,
      0.6961443424224854,
      0.7364779710769653,
      0.5192601680755615,
      0.3846890330314636,
      0.38075685501098633,
      0.6440029144287109,
      0.44121336936950684,
      0.3933079242706299,
      0.7081974744796753,
      0.505851686000824,
      0.4311358630657196
    ],
    [
      0.2767563760280609,
      0.4803205728530884,
      0.33672425150871277,
      0.38414615392684937,
      0.5569254755973816,
      0.4379817247390747,
      0.3946138918399811,
      0.6465747356414795,
      0.4411642551422119,
      0.5923194289207458,
      0.7839048504829407,
      0.669295072555542,
      0.6645811200141907,
      0.8234786987304688,
      0.7236759662628174,
      0.6961443424224854,
      1.000000238418579,
      0.7684934139251709,
      0.2874165177345276,
      0.499700129032135,
      0.370436429977417,
      0.40272092819213867,
      0.5835956335067749,
      0.4504005014896393,
      0.41149914264678955,
      0.6411676406860352,
      0.44636356830596924
    ],
    [
      0.2511729598045349,
      0.31381112337112427,
      0.5119325518608093,
      0.34670233726501465,
      0.4046715497970581,
      0.5821216702461243,
      0.39199554920196533,
      0.4936895966529846,
      0.6258787512779236,
      0.596488893032074,
      0.6534973382949829,
      0.7960338592529297,
      0.6662031412124634,
      0.6935910582542419,
      0.9152648448944092,
      0.7364779710769653,
      0.7684934139251709,
      1.000000238418579,
      0.27722662687301636,
      0.3517312705516815,
      0.5266923904418945,
      0.3754747211933136,
      0.4424104392528534,
      0.6104874610900879,
      0.4179997444152832,
      0.5179591178894043,
      0.654329240322113
    ],
    [
      0.6470509767532349,
      0.4605221748352051,
      0.44872188568115234,
      0.5242955684661865,
      0.36183279752731323,
      0.3505399823188782,
      0.5451140403747559,
      0.37883245944976807,
      0.3249451518058777,
      0.6671358942985535,
      0.4544486403465271,
      0.4062824547290802,
      0.5329896211624146,
      0.30738380551338196,
      0.2907644510269165,
      0.5192601680755615,
      0.2874165177345276,
      0.27722662687301636,
      1.0000001192092896,
      0.7683539390563965,
      0.75038743019104,
      0.7892074584960938,
      0.5496248602867126,
      0.5195955634117126,
      0.8081058859825134,
      0.5612517595291138,
      0.520257294178009
    ],
    [
      0.44476523995399475,
      0.7100120782852173,
      0.46985241770744324,
      0.39348304271698,
      0.5831072330474854,
      0.38539114594459534,
      0.3667677640914917,
      0.6011900305747986,
      0.33327919244766235,
      0.5097970962524414,
      0.7035976648330688,
      0.4510606527328491,
      0.41743379831314087,
      0.5720129013061523,
      0.36881422996520996,
      0.3846890330314636,
      0.499700129032135,
      0.3517312705516815,
      0.7683539390563965,
      1.0,
      0.7582798004150391,
      0.6210014224052429,
      0.7830159664154053,
      0.5634560585021973,
      0.5939593315124512,
      0.8065854907035828,
      0.5366694331169128
    ],
    [
      0.44921690225601196,
      0.47555652260780334,
      0.7442296743392944,
      0.3871641159057617,
      0.3897668719291687,
      0.603549599647522,
      0.3955591320991516,
      0.460103839635849,
      0.5814949870109558,
      0.4794842600822449,
      0.48543524742126465,
      0.612334132194519,
      0.3751777410507202,
      0.34726446866989136,
      0.5374192595481873,
      0.38075685501098633,
      0.370436429977417,
      0.5266923904418945,
      0.75038743019104,
      0.7582798004150391,
      1.0,
      0.5978912115097046,
      0.5529248714447021,
      0.7840298414230347,
      0.6218899488449097,
      0.6309943199157715,
      0.7914378643035889
    ],
    [
      0.5213930606842041,
      0.39338237047195435,
      0.3619893491268158,
      0.717144250869751,
      0.5518251657485962,
      0.49489977955818176,
      0.5893038511276245,
      0.4632149934768677,
      0.361895889043808,
      0.5957107543945312,
      0.43045568466186523,
      0.3657623529434204,
      0.6942052841186523,
      0.47825944423675537,
      0.441025048494339,
      0.6440029144287109,
      0.40272092819213867,
      0.3754747211933136,
      0.7892074584960938,
      0.6210014224052429,
      0.5978912115097046,
      1.0000001192092896,
      0.7454985976219177,
      0.6846047639846802,
      0.8301112651824951,
      0.6125204563140869,
      0.5393121838569641
    ],
    [
      0.2812334895133972,
      0.5437194108963013,
      0.3037213683128357,
      0.47077232599258423,
      0.7056328058242798,
      0.46716567873954773,
      0.32075345516204834,
      0.5996842384338379,
      0.31571686267852783,
      0.39149942994117737,
      0.6172009110450745,
      0.3790281414985657,
      0.5072637796401978,
      0.7244604825973511,
      0.5061767101287842,
      0.44121336936950684,
      0.5835956335067749,
      0.4424104392528534,
      0.5496248602867126,
      0.7830159664154053,
      0.5529248714447021,
      0.7454985976219177,
      1.000000238418579,
      0.7262313365936279,
      0.5498769283294678,
      0.8199201822280884,
      0.550125241279602
    ],
    [
      0.25126558542251587,
      0.3122099041938782,
      0.5435508489608765,
      0.4194152355194092,
      0.4810236096382141,
      0.7150167226791382,
      0.3292279839515686,
      0.4634851813316345,
      0.5897045135498047,
      0.29958575963974,
      0.360146164894104,
      0.5018742084503174,
      0.4013631045818329,
      0.45478832721710205,
      0.6683878302574158,
      0.3933079242706299,
      0.4504005014896393,
      0.6104874610900879,
      0.5195955634117126,
      0.5634560585021973,
      0.7840298414230347,
      0.6846047639846802,
      0.7262313365936279,
      1.000000238418579,
      0.5668399930000305,
      0.6645669937133789,
      0.8543692827224731
    ],
    [
      0.5382118821144104,
      0.3745541572570801,
      0.39547955989837646,
      0.5820582509040833,
      0.40177902579307556,
      0.4278291165828705,
      0.7293374538421631,
      0.5248157978057861,
      0.4887584447860718,
      0.567614734172821,
      0.371171236038208,
      0.35659825801849365,
      0.5899211168289185,
      0.3432507812976837,
      0.35235750675201416,
      0.7081974744796753,
      0.41149914264678955,
      0.4179997444152832,
      0.8081058859825134,
      0.5939593315124512,
      0.6218899488449097,
      0.8301112651824951,
      0.5498769283294678,
      0.5668399930000305,
      0.9999997615814209,
      0.6969653367996216,
      0.6693065762519836
    ],
    [
      0.30890530347824097,
      0.5945462584495544,
      0.4052959680557251,
      0.3862132430076599,
      0.6196802854537964,
      0.4734739065170288,
      0.4578728675842285,
      0.7615514993667603,
      0.49878036975860596,
      0.36912745237350464,
      0.6029218435287476,
      0.39086246490478516,
      0.42791855335235596,
      0.6237884759902954,
      0.45685893297195435,
      0.505851686000824,
      0.6411676406860352,
      0.5179591178894043,
      0.5612517595291138,
      0.8065854907035828,
      0.6309943199157715,
      0.6125204563140869,
      0.8199201822280884,
      0.6645669937133789,
      0.6969653367996216,
      1.0000001192092896,
      0.726259708404541
    ],
    [
      0.24729719758033752,
      0.2973651885986328,
      0.5613718032836914,
      0.3027345538139343,
      0.3458293080329895,
      0.6163049936294556,
      0.42107534408569336,
      0.5135135054588318,
      0.7166364789009094,
      0.2678090035915375,
      0.3095805048942566,
      0.5145265460014343,
      0.3041837215423584,
      0.32276061177253723,
      0.5674152374267578,
      0.4311358630657196,
      0.44636356830596924,
      0.654329240322113,
      0.520257294178009,
      0.5366694331169128,
      0.7914378643035889,
      0.5393121838569641,
      0.550125241279602,
      0.8543692827224731,
      0.6693065762519836,
      0.726259708404541,
      1.0000001192092896
    ]
  ]
}