{
  "isolated_grid_sim": [
    [
      1.0,
      0.5453190207481384,
      0.5820926427841187,
      0.6046586036682129,
      0.5933019518852234,
      0.46130669116973877,
      0.5429120063781738,
      0.4771474599838257,
      0.5741903781890869,
      0.5173691511154175,
      0.524052619934082,
      0.5034859776496887,
      0.5567445755004883,
      0.5182374119758606,
      0.5722091197967529,
      0.5073816776275635,
      0.6065188646316528,
      0.5660125017166138,
      0.5462791919708252,
      0.5932345986366272,
      0.5515032410621643,
      0.5382074117660522,
      0.5378915071487427,
      0.6282234787940979
    ],
    [
      0.5453190207481384,
      0.9999997019767761,
      0.5075064897537231,
      0.4823092520236969,
      0.6451565027236938,
      0.5433189272880554,
      0.47539669275283813,
      0.5395745038986206,
      0.5099921226501465,
      0.5416290163993835,
      0.5006539821624756,
      0.525818943977356,
      0.5343884825706482,
      0.5441783666610718,
      0.5650309324264526,
      0.45784491300582886,
      0.5448944568634033,
      0.6038180589675903,
      0.5524105429649353,
      0.4964396059513092,
      0.5713285207748413,
      0.5034120082855225,
      0.5577875375747681,
      0.5368757247924805
    ],
    [
      0.5820926427841187,
      0.5075064897537231,
      1.0000001192092896,
      0.5538133382797241,
      0.5742418766021729,
      0.5224805474281311,
      0.5542922019958496,
      0.5148307085037231,
      0.5132439136505127,
      0.5281511545181274,
      0.5099673271179199,
      0.49479472637176514,
      0.5619373321533203,
      0.5187240839004517,
      0.5510377883911133,
      0.5092944502830505,
      0.5745799541473389,
      0.5764940977096558,
      0.6016036868095398,
      0.5658710598945618,
      0.5417377352714539,
      0.5325438976287842,
      0.5038263201713562,
      0.5652198791503906
    ],
    [
      0.6046586036682129,
      0.4823092520236969,
      0.5538133382797241,
      1.0000003576278687,
      0.43638187646865845,
      0.47858113050460815,
      0.47964370250701904,
      0.5544420480728149,
      0.5056725740432739,
      0.5191660523414612,
      0.5351095795631409,
      0.4667915403842926,
      0.4944556951522827,
      0.5306657552719116,
      0.5355056524276733,
      0.4825041890144348,
      0.54961097240448,
      0.558501124382019,
      0.5654039978981018,
      0.520388126373291,
      0.560558021068573,
      0.46462029218673706,
      0.46619999408721924,
      0.5410052537918091
    ],
    [
      0.5933019518852234,
      0.6451565027236938,
      0.5742418766021729,
      0.43638187646865845,
      0.9999997615814209,
      0.5120402574539185,
      0.4953758418560028,
      0.5236418843269348,
      0.48463189601898193,
      0.520612359046936,
      0.5140838623046875,
      0.525952935218811,
      0.5537370443344116,
      0.47180163860321045,
      0.5399947762489319,
      0.4877774119377136,
      0.5192669034004211,
      0.5400270819664001,
      0.538713812828064,
      0.47826671600341797,
      0.4921596646308899,
      0.4707971513271332,
      0.5187277793884277,
      0.5447501540184021
    ],
    [
      0.46130669116973877,
      0.5433189272880554,
      0.5224805474281311,
      0.47858113050460815,
      0.5120402574539185,
      0.9999998807907104,
      0.4799959659576416,
      0.5505740642547607,
      0.4841979146003723,
      0.5096038579940796,
      0.48890894651412964,
      0.41479796171188354,
      0.5188144445419312,
      0.42075371742248535,
      0.45594704151153564,
      0.4176650047302246,
      0.5230414867401123,
      0.5139418244361877,
      0.5048461556434631,
      0.5412380695343018,
      0.4899529218673706,
      0.4318843483924866,
      0.44480282068252563,
      0.45952901244163513
    ],
    [
      0.5429120063781738,
      0.47539669275283813,
      0.5542922019958496,
      0.47964370250701904,
      0.4953758418560028,
      0.4799959659576416,
      0.9999997615814209,
      0.4148803651332855,
      0.5127509832382202,
      0.4574894905090332,
      0.5091207027435303,
      0.46870481967926025,
      0.4992191791534424,
      0.49766412377357483,
      0.45609763264656067,
      0.4498966932296753,
      0.6420977115631104,
      0.5645726919174194,
      0.5505812168121338,
      0.48226243257522583,
      0.5367809534072876,
      0.4694615304470062,
      0.5081124901771545,
      0.43351274728775024
    ],
    [
      0.4771474599838257,
      0.5395745038986206,
      0.5148307085037231,
      0.5544420480728149,
      0.5236418843269348,
      0.5505740642547607,
      0.4148803651332855,
      1.000000238418579,
      0.46206724643707275,
      0.5577293634414673,
      0.47820454835891724,
      0.4371662735939026,
      0.49134331941604614,
      0.4263022243976593,
      0.49890246987342834,
      0.4570057988166809,
      0.4630572199821472,
      0.5152773857116699,
      0.5085519552230835,
      0.49110493063926697,
      0.4953835904598236,
      0.44277942180633545,
      0.4726687967777252,
      0.5102750062942505
    ],
    [
      0.5741903781890869,
      0.5099921226501465,
      0.5132439136505127,
      0.5056725740432739,
      0.48463189601898193,
      0.4841979146003723,
      0.5127509832382202,
      0.46206724643707275,
      0.9999998211860657,
      0.6016749143600464,
      0.6835426092147827,
      0.6203052401542664,
      0.6335837841033936,
      0.6126290559768677,
      0.6074899435043335,
      0.6023155450820923,
      0.7083175778388977,
      0.5930981040000916,
      0.5540472269058228,
      0.5464956760406494,
      0.5718165040016174,
      0.6023641228675842,
      0.5337969064712524,
      0.5370599627494812
    ],
    [
      0.5173691511154175,
      0.5416290163993835,
      0.5281511545181274,
      0.5191660523414612,
      0.520612359046936,
      0.5096038579940796,
      0.4574894905090332,
      0.5577293634414673,
      0.6016749143600464,
      1.000000238418579,
      0.6303349733352661,
      0.5888872146606445,
      0.598357081413269,
      0.6661861538887024,
      0.5721651315689087,
      0.6661169528961182,
      0.575969934463501,
      0.569916844367981,
      0.49515628814697266,
      0.5150165557861328,
      0.5400859117507935,
      0.5347133278846741,
      0.571957528591156,
      0.5604228973388672
    ],
    [
      0.524052619934082,
      0.5006539821624756,
      0.5099673271179199,
      0.5351095795631409,
      0.5140838623046875,
      0.48890894651412964,
      0.5091207027435303,
      0.47820454835891724,
      0.6835426092147827,
      0.6303349733352661,
      0.9999998807907104,
      0.5958114862442017,
      0.6269190907478333,
      0.6806438565254211,
      0.5879978537559509,
      0.6482534408569336,
      0.6247190237045288,
      0.5751723051071167,
      0.588672399520874,
      0.5294766426086426,
      0.5678677558898926,
      0.5866819620132446,
      0.5021888017654419,
      0.5661324262619019
    ],
    [
      0.5034859776496887,
      0.525818943977356,
      0.49479472637176514,
      0.4667915403842926,
      0.525952935218811,
      0.41479796171188354,
      0.46870481967926025,
      0.4371662735939026,
      0.6203052401542664,
      0.5888872146606445,
      0.5958114862442017,
      1.0000001192092896,
      0.6046112775802612,
      0.5383709669113159,
      0.6299475431442261,
      0.6674834489822388,
      0.5574823617935181,
      0.5897601246833801,
      0.4954279959201813,
      0.48173391819000244,
      0.5094423294067383,
      0.4880810081958771,
      0.5275281071662903,
      0.5277289152145386
    ],
    [
      0.5567445755004883,
      0.5343884825706482,
      0.5619373321533203,
      0.4944556951522827,
      0.5537370443344116,
      0.5188144445419312,
      0.4992191791534424,
      0.49134331941604614,
      0.6335837841033936,
      0.598357081413269,
      0.6269190907478333,
      0.6046112775802612,
      0.9999999403953552,
      0.5980013012886047,
      0.6239111423492432,
      0.5414199829101562,
      0.5857990980148315,
      0.627835750579834,
      0.5239334106445312,
      0.573748767375946,
      0.6241016387939453,
      0.569157600402832,
      0.48255038261413574,
      0.5434848070144653
    ],
    [
      0.5182374119758606,
      0.5441783666610718,
      0.5187240839004517,
      0.5306657552719116,
      0.47180163860321045,
      0.42075371742248535,
      0.49766412377357483,
      0.4263022243976593,
      0.6126290559768677,
      0.6661861538887024,
      0.6806438565254211,
      0.5383709669113159,
      0.5980013012886047,
      1.0,
      0.5586689710617065,
      0.6017242074012756,
      0.6020036935806274,
      0.5747272372245789,
      0.5225739479064941,
      0.501516580581665,
      0.5761549472808838,
      0.5216479301452637,
      0.5129782557487488,
      0.572284460067749
    ],
    [
      0.5722091197967529,
      0.5650309324264526,
      0.5510377883911133,
      0.5355056524276733,
      0.5399947762489319,
      0.45594704151153564,
      0.45609763264656067,
      0.49890246987342834,
      0.6074899435043335,
      0.5721651315689087,
      0.5879978537559509,
      0.6299475431442261,
      0.6239111423492432,
      0.5586689710617065,
      1.000000238418579,
      0.6152093410491943,
      0.6433489322662354,
      0.6546648144721985,
      0.566532552242279,
      0.6305834054946899,
      0.5713617205619812,
      0.5695609450340271,
      0.5188323259353638,
      0.6541283130645752
    ],
    [
      0.5073816776275635,
      0.45784491300582886,
      0.5092944502830505,
      0.4825041890144348,
      0.4877774119377136,
      0.4176650047302246,
      0.4498966932296753,
      0.4570057988166809,
      0.6023155450820923,
      0.6661169528961182,
      0.6482534408569336,
      0.6674834489822388,
      0.5414199829101562,
      0.6017242074012756,
      0.6152093410491943,
      1.000000238418579,
      0.5406837463378906,
      0.536964476108551,
      0.48945319652557373,
      0.5179562568664551,
      0.47016507387161255,
      0.49158942699432373,
      0.49719738960266113,
      0.6388153433799744
    ],
    [
      0.6065188646316528,
      0.5448944568634033,
      0.5745799541473389,
      0.54961097240448,
      0.5192669034004211,
      0.5230414867401123,
      0.6420977115631104,
      0.4630572199821472,
      0.7083175778388977,
      0.575969934463501,
      0.6247190237045288,
      0.5574823617935181,
      0.5857990980148315,
      0.6020036935806274,
      0.6433489322662354,
      0.5406837463378906,
      0.9999998807907104,
      0.638643741607666,
      0.5742689371109009,
      0.5818371772766113,
      0.6180068254470825,
      0.5582756996154785,
      0.518498420715332,
      0.5289816856384277
    ],
    [
      0.5660125017166138,
      0.6038180589675903,
      0.5764940977096558,
      0.558501124382019,
      0.5400270819664001,
      0.5139418244361877,
      0.5645726919174194,
      0.5152773857116699,
      0.5930981040000916,
      0.569916844367981,
      0.5751723051071167,
      0.5897601246833801,
      0.627835750579834,
      0.5747272372245789,
      0.6546648144721985,
      0.536964476108551,
      0.638643741607666,
      0.9999998807907104,
      0.6421471834182739,
      0.6398245096206665,
      0.6882340312004089,
      0.6181393265724182,
      0.6234861612319946,
      0.6131076216697693
    ],
    [
      0.5462791919708252,
      0.5524105429649353,
      0.6016036868095398,
      0.5654039978981018,
      0.538713812828064,
      0.5048461556434631,
      0.5505812168121338,
      0.5085519552230835,
      0.5540472269058228,
      0.49515628814697266,
      0.588672399520874,
      0.4954279959201813,
      0.5239334106445312,
      0.5225739479064941,
      0.566532552242279,
      0.48945319652557373,
      0.5742689371109009,
      0.6421471834182739,
      1.0000003576278687,
      0.5981500148773193,
      0.6440890431404114,
      0.5592135787010193,
      0.5392416715621948,
      0.6344388723373413
    ],
    [
      0.5932345986366272,
      0.4964396059513092,
      0.5658710598945618,
      0.520388126373291,
      0.47826671600341797,
      0.5412380695343018,
      0.48226243257522583,
      0.49110493063926697,
      0.5464956760406494,
      0.5150165557861328,
      0.5294766426086426,
      0.48173391819000244,
      0.573748767375946,
      0.501516580581665,
      0.6305834054946899,
      0.5179562568664551,
      0.5818371772766113,
      0.6398245096206665,
      0.5981500148773193,
      1.0000001192092896,
      0.5874316096305847,
      0.5797159671783447,
      0.5376206040382385,
      0.596326470375061
    ],
    [
      0.5515032410621643,
      0.5713285207748413,
      0.5417377352714539,
      0.560558021068573,
      0.4921596646308899,
      0.4899529218673706,
      0.5367809534072876,
      0.4953835904598236,
      0.5718165040016174,
      0.5400859117507935,
      0.5678677558898926,
      0.5094423294067383,
      0.6241016387939453,
      0.5761549472808838,
      0.5713617205619812,
      0.47016507387161255,
      0.6180068254470825,
      0.6882340312004089,
      0.6440890431404114,
      0.5874316096305847,
      1.0000001192092896,
      0.6023094654083252,
      0.542790412902832,
      0.5486081838607788
    ],
    [
      0.5382074117660522,
      0.5034120082855225,
      0.5325438976287842,
      0.46462029218673706,
      0.4707971513271332,
      0.4318843483924866,
      0.4694615304470062,
      0.44277942180633545,
      0.6023641228675842,
      0.5347133278846741,
      0.5866819620132446,
      0.4880810081958771,
      0.569157600402832,
      0.5216479301452637,
      0.5695609450340271,
      0.49158942699432373,
      0.5582756996154785,
      0.6181393265724182,
      0.5592135787010193,
      0.5797159671783447,
      0.6023094654083252,
      0.9999998807907104,
      0.5603138208389282,
      0.5436545014381409
    ],
    [
      0.5378915071487427,
      0.5577875375747681,
      0.5038263201713562,
      0.46619999408721924,
      0.5187277793884277,
      0.44480282068252563,
      0.5081124901771545,
      0.4726687967777252,
      0.5337969064712524,
      0.571957528591156,
      0.5021888017654419,
      0.5275281071662903,
      0.48255038261413574,
      0.5129782557487488,
      0.5188323259353638,
      0.49719738960266113,
      0.518498420715332,
      0.6234861612319946,
      0.5392416715621948,
      0.5376206040382385,
      0.542790412902832,
      0.5603138208389282,
      1.0,
      0.566428542137146
    ],
    [
      0.6282234787940979,
      0.5368757247924805,
      0.5652198791503906,
      0.5410052537918091,
      0.5447501540184021,
      0.45952901244163513,
      0.43351274728775024,
      0.5102750062942505,
      0.5370599627494812,
      0.5604228973388672,
      0.5661324262619019,
      0.5277289152145386,
      0.5434848070144653,
      0.572284460067749,
      0.6541283130645752,
      0.6388153433799744,
      0.5289816856384277,
      0.6131076216697693,
      0.6344388723373413,
      0.596326470375061,
      0.5486081838607788,
      0.5436545014381409,
      0.566428542137146,
      0.9999996423721313
    ]
  ],
  "taxonomies": {
    "cat_hierarchy": {
      "words": [
        "kitten",
        "cat",
        "feline",
        "carnivore",
        "mammal",
        "animal",
        "creature"
      ],
      "sim": [
        [
          1.0000003576278687,
          0.8290932178497314,
          0.8344470858573914,
          0.558387815952301,
          0.6038979887962341,
          0.6815997362136841,
          0.6332169771194458
        ],
        [
          0.8290932178497314,
          0.9999997615814209,
          0.9233715534210205,
          0.6520676016807556,
          0.6695666909217834,
          0.7687363624572754,
          0.66781085729599
        ],
        [
          0.8344470858573914,
          0.9233715534210205,
          1.0,
          0.64754319190979,
          0.6753493547439575,
          0.7546586990356445,
          0.6701210141181946
        ],
        [
          0.558387815952301,
          0.6520676016807556,
          0.64754319190979,
          1.000000238418579,
          0.683624804019928,
          0.7201225757598877,
          0.7112735509872437
        ],
        [
          0.6038979887962341,
          0.6695666909217834,
          0.6753493547439575,
          0.683624804019928,
          1.000000238418579,
          0.881544828414917,
          0.7863271236419678
        ],
        [
          0.6815997362136841,
          0.7687363624572754,
          0.7546586990356445,
          0.7201225757598877,
          0.881544828414917,
          1.0000001192092896,
          0.8309348821640015
        ],
        [
          0.6332169771194458,
          0.66781085729599,
          0.6701210141181946,
          0.7112735509872437,
          0.7863271236419678,
          0.8309348821640015,
          1.0
        ]
      ]
    },
    "eagle_hierarchy": {
      "words": [
        "eaglet",
        "eagle",
        "raptor",
        "bird",
        "animal",
        "creature"
      ],
      "sim": [
        [
          0.9999998807907104,
          0.8778529167175293,
          0.7035741806030273,
          0.7337237596511841,
          0.6294529438018799,
          0.5847091674804688
        ],
        [
          0.8778529167175293,
          1.0000001192092896,
          0.7393865585327148,
          0.7631340026855469,
          0.6877923011779785,
          0.6091452836990356
        ],
        [
          0.7035741806030273,
          0.7393865585327148,
          0.9999998807907104,
          0.7572637796401978,
          0.6821109056472778,
          0.6536889672279358
        ],
        [
          0.7337237596511841,
          0.7631340026855469,
          0.7572637796401978,
          1.0,
          0.779784083366394,
          0.7214834690093994
        ],
        [
          0.6294529438018799,
          0.6877923011779785,
          0.6821109056472778,
          0.779784083366394,
          1.0000001192092896,
          0.8309348821640015
        ],
        [
          0.5847091674804688,
          0.6091452836990356,
          0.6536889672279358,
          0.7214834690093994,
          0.8309348821640015,
          1.0
        ]
      ]
    },
    "whale_hierarchy": {
      "words": [
        "calf",
        "whale",
        "cetacean",
        "mammal",
        "animal",
        "creature"
      ],
      "sim": [
        [
          1.000000238418579,
          0.6371831893920898,
          0.6256476640701294,
          0.6793450117111206,
          0.7376371622085571,
          0.6245576739311218
        ],
        [
          0.6371831893920898,
          0.9999996423721313,
          0.8281145095825195,
          0.7227575778961182,
          0.7489334940910339,
          0.71978759765625
        ],
        [
          0.6256476640701294,
          0.8281145095825195,
          0.9999998807907104,
          0.7519748210906982,
          0.7769627571105957,
          0.73798006772995
        ],
        [
          0.6793450117111206,
          0.7227575778961182,
          0.7519748210906982,
          1.000000238418579,
          0.881544828414917,
          0.7863271236419678
        ],
        [
          0.7376371622085571,
          0.7489334940910339,
          0.7769627571105957,
          0.881544828414917,
          1.0000001192092896,
          0.8309348821640015
        ],
        [
          0.6245576739311218,
          0.71978759765625,
          0.73798006772995,
          0.7863271236419678,
          0.8309348821640015,
          1.0
        ]
      ]
    },
    "fish_hierarchy": {
      "words": [
        "trout",
        "fish",
        "seafood",
        "food",
        "thing"
      ],
      "sim": [
        [
          0.9999998807907104,
          0.7507302165031433,
          0.5498670339584351,
          0.5249879360198975,
          0.5058192014694214
        ],
        [
          0.7507302165031433,
          0.9999998807907104,
          0.7765098214149475,
          0.7488521337509155,
          0.6022249460220337
        ],
        [
          0.5498670339584351,
          0.7765098214149475,
          1.0000001192092896,
          0.7396952509880066,
          0.4930858016014099
        ],
        [
          0.5249879360198975,
          0.7488521337509155,
          0.7396952509880066,
          1.0000001192092896,
          0.5979416966438293
        ],
        [
          0.5058192014694214,
          0.6022249460220337,
          0.4930858016014099,
          0.5979416966438293,
          0.9999998807907104
        ]
      ]
    },
    "rock_hierarchy": {
      "words": [
        "pebble",
        "rock",
        "stone",
        "mineral",
        "object",
        "thing"
      ],
      "sim": [
        [
          1.0000003576278687,
          0.6929891109466553,
          0.77618807554245,
          0.6776601076126099,
          0.5887541770935059,
          0.5949043035507202
        ],
        [
          0.6929891109466553,
          1.0,
          0.769345760345459,
          0.7226491570472717,
          0.6404104232788086,
          0.623782753944397
        ],
        [
          0.77618807554245,
          0.769345760345459,
          0.9999998807907104,
          0.7682249546051025,
          0.6597527265548706,
          0.6107978224754333
        ],
        [
          0.6776601076126099,
          0.7226491570472717,
          0.7682249546051025,
          0.9999998807907104,
          0.6602450609207153,
          0.5920034646987915
        ],
        [
          0.5887541770935059,
          0.6404104232788086,
          0.6597527265548706,
          0.6602450609207153,
          1.0,
          0.7594399452209473
        ],
        [
          0.5949043035507202,
          0.623782753944397,
          0.6107978224754333,
          0.5920034646987915,
          0.7594399452209473,
          0.9999998807907104
        ]
      ]
    },
    "flower_hierarchy": {
      "words": [
        "tulip",
        "flower",
        "plant",
        "organism",
        "thing"
      ],
      "sim": [
        [
          1.000000238418579,
          0.7972947955131531,
          0.680721640586853,
          0.5707582235336304,
          0.5274447202682495
        ],
        [
          0.7972947955131531,
          0.9999996423721313,
          0.7897308468818665,
          0.6505994200706482,
          0.6161037087440491
        ],
        [
          0.680721640586853,
          0.7897308468818665,
          1.0,
          0.7157808542251587,
          0.6362283229827881
        ],
        [
          0.5707582235336304,
          0.6505994200706482,
          0.7157808542251587,
          1.0000003576278687,
          0.7355170249938965
        ],
        [
          0.5274447202682495,
          0.6161037087440491,
          0.6362283229827881,
          0.7355170249938965,
          0.9999998807907104
        ]
      ]
    },
    "book_hierarchy": {
      "words": [
        "novel",
        "book",
        "publication",
        "document",
        "object",
        "thing"
      ],
      "sim": [
        [
          1.0,
          0.7221304178237915,
          0.6195691227912903,
          0.6069853901863098,
          0.6516005992889404,
          0.6175094246864319
        ],
        [
          0.7221304178237915,
          1.0,
          0.6695271730422974,
          0.6666609644889832,
          0.6391894817352295,
          0.6058545112609863
        ],
        [
          0.6195691227912903,
          0.6695271730422974,
          1.0,
          0.7006669640541077,
          0.5971534252166748,
          0.5583245158195496
        ],
        [
          0.6069853901863098,
          0.6666609644889832,
          0.7006669640541077,
          0.9999997615814209,
          0.6087172031402588,
          0.5555627346038818
        ],
        [
          0.6516005992889404,
          0.6391894817352295,
          0.5971534252166748,
          0.6087172031402588,
          1.0,
          0.7594399452209473
        ],
        [
          0.6175094246864319,
          0.6058545112609863,
          0.5583245158195496,
          0.5555627346038818,
          0.7594399452209473,
          0.9999998807907104
        ]
      ]
    },
    "bridge_hierarchy": {
      "words": [
        "footbridge",
        "bridge",
        "structure",
        "construction",
        "object",
        "thing"
      ],
      "sim": [
        [
          1.0,
          0.7684841156005859,
          0.5710189342498779,
          0.6241877675056458,
          0.503735363483429,
          0.5416285395622253
        ],
        [
          0.7684841156005859,
          0.9999998807907104,
          0.683932363986969,
          0.6913461685180664,
          0.631008505821228,
          0.6035400629043579
        ],
        [
          0.5710189342498779,
          0.683932363986969,
          0.9999998807907104,
          0.6871891021728516,
          0.6482824087142944,
          0.6005762815475464
        ],
        [
          0.6241877675056458,
          0.6913461685180664,
          0.6871891021728516,
          0.9999997615814209,
          0.5924049615859985,
          0.5955031514167786
        ],
        [
          0.503735363483429,
          0.631008505821228,
          0.6482824087142944,
          0.5924049615859985,
          1.0,
          0.7594399452209473
        ],
        [
          0.5416285395622253,
          0.6035400629043579,
          0.6005762815475464,
          0.5955031514167786,
          0.7594399452209473,
          0.9999998807907104
        ]
      ]
    },
    "eat_synonyms": {
      "words": [
        "eat",
        "consume",
        "devour",
        "ingest",
        "munch",
        "dine",
        "feast"
      ],
      "sim": [
        [
          0.9999998211860657,
          0.8658891916275024,
          0.735833466053009,
          0.7984169721603394,
          0.6322066783905029,
          0.8761869668960571,
          0.7016575932502747
        ],
        [
          0.8658891916275024,
          0.9999998211860657,
          0.7981544733047485,
          0.8892638087272644,
          0.6159762144088745,
          0.7903512716293335,
          0.7001746892929077
        ],
        [
          0.735833466053009,
          0.7981544733047485,
          0.9999996423721313,
          0.8018872737884521,
          0.6467355489730835,
          0.6963631510734558,
          0.7290102243423462
        ],
        [
          0.7984169721603394,
          0.8892638087272644,
          0.8018872737884521,
          0.9999999403953552,
          0.6204596161842346,
          0.7289481163024902,
          0.6635128259658813
        ],
        [
          0.6322066783905029,
          0.6159762144088745,
          0.6467355489730835,
          0.6204596161842346,
          0.9999998807907104,
          0.5847992300987244,
          0.5942144393920898
        ],
        [
          0.8761869668960571,
          0.7903512716293335,
          0.6963631510734558,
          0.7289481163024902,
          0.5847992300987244,
          0.9999998807907104,
          0.7311527729034424
        ],
        [
          0.7016575932502747,
          0.7001746892929077,
          0.7290102243423462,
          0.6635128259658813,
          0.5942144393920898,
          0.7311527729034424,
          1.000000238418579
        ]
      ]
    },
    "carry_synonyms": {
      "words": [
        "carry",
        "transport",
        "haul",
        "move",
        "bring",
        "convey",
        "lug"
      ],
      "sim": [
        [
          1.000000238418579,
          0.6196881532669067,
          0.6201066970825195,
          0.6641088128089905,
          0.7440534830093384,
          0.6947247982025146,
          0.66096031665802
        ],
        [
          0.6196881532669067,
          1.0,
          0.5561748743057251,
          0.6168653964996338,
          0.6040164232254028,
          0.6457998752593994,
          0.6071147322654724
        ],
        [
          0.6201066970825195,
          0.5561748743057251,
          1.0000001192092896,
          0.6602345705032349,
          0.7032594084739685,
          0.5768247842788696,
          0.6277110576629639
        ],
        [
          0.6641088128089905,
          0.6168653964996338,
          0.6602345705032349,
          0.9999999403953552,
          0.7451810240745544,
          0.6860990524291992,
          0.6220276951789856
        ],
        [
          0.7440534830093384,
          0.6040164232254028,
          0.7032594084739685,
          0.7451810240745544,
          1.0000001192092896,
          0.7155565023422241,
          0.6428003907203674
        ],
        [
          0.6947247982025146,
          0.6457998752593994,
          0.5768247842788696,
          0.6860990524291992,
          0.7155565023422241,
          1.000000238418579,
          0.5718740820884705
        ],
        [
          0.66096031665802,
          0.6071147322654724,
          0.6277110576629639,
          0.6220276951789856,
          0.6428003907203674,
          0.5718740820884705,
          1.0000001192092896
        ]
      ]
    },
    "watch_synonyms": {
      "words": [
        "watch",
        "observe",
        "view",
        "see",
        "gaze at",
        "monitor",
        "witness"
      ],
      "sim": [
        [
          0.9999998807907104,
          0.7815356254577637,
          0.6957135796546936,
          0.75612473487854,
          0.6922323703765869,
          0.7091536521911621,
          0.6712244153022766
        ],
        [
          0.7815356254577637,
          1.0000001192092896,
          0.6455278396606445,
          0.7348175048828125,
          0.7534551620483398,
          0.7175214290618896,
          0.6777975559234619
        ],
        [
          0.6957135796546936,
          0.6455278396606445,
          0.9999998807907104,
          0.7171573042869568,
          0.6769276261329651,
          0.6304367780685425,
          0.5913382768630981
        ],
        [
          0.75612473487854,
          0.7348175048828125,
          0.7171573042869568,
          0.9999997615814209,
          0.72215735912323,
          0.6916171312332153,
          0.6919511556625366
        ],
        [
          0.6922323703765869,
          0.7534551620483398,
          0.6769276261329651,
          0.72215735912323,
          1.000000238418579,
          0.6353328227996826,
          0.6208515763282776
        ],
        [
          0.7091536521911621,
          0.7175214290618896,
          0.6304367780685425,
          0.6916171312332153,
          0.6353328227996826,
          1.0,
          0.6353024840354919
        ],
        [
          0.6712244153022766,
          0.6777975559234619,
          0.5913382768630981,
          0.6919511556625366,
          0.6208515763282776,
          0.6353024840354919,
          1.0000001192092896
        ]
      ]
    },
    "destroy_synonyms": {
      "words": [
        "destroy",
        "demolish",
        "ruin",
        "wreck",
        "shatter",
        "annihilate",
        "obliterate"
      ],
      "sim": [
        [
          1.0000001192092896,
          0.8800963163375854,
          0.7715508341789246,
          0.690543532371521,
          0.6858515739440918,
          0.854924201965332,
          0.8519699573516846
        ],
        [
          0.8800963163375854,
          1.0000001192092896,
          0.7089723348617554,
          0.6482292413711548,
          0.6461900472640991,
          0.795250415802002,
          0.8326486349105835
        ],
        [
          0.7715508341789246,
          0.7089723348617554,
          1.0,
          0.7946571111679077,
          0.6130061745643616,
          0.705409824848175,
          0.7249138951301575
        ],
        [
          0.690543532371521,
          0.6482292413711548,
          0.7946571111679077,
          1.0000001192092896,
          0.584287703037262,
          0.6508817672729492,
          0.6573964953422546
        ],
        [
          0.6858515739440918,
          0.6461900472640991,
          0.6130061745643616,
          0.584287703037262,
          1.0000001192092896,
          0.6643061637878418,
          0.7139235734939575
        ],
        [
          0.854924201965332,
          0.795250415802002,
          0.705409824848175,
          0.6508817672729492,
          0.6643061637878418,
          0.9999998807907104,
          0.8339759111404419
        ],
        [
          0.8519699573516846,
          0.8326486349105835,
          0.7249138951301575,
          0.6573964953422546,
          0.7139235734939575,
          0.8339759111404419,
          0.9999998807907104
        ]
      ]
    },
    "collect_synonyms": {
      "words": [
        "collect",
        "gather",
        "accumulate",
        "amass",
        "hoard",
        "compile",
        "assemble"
      ],
      "sim": [
        [
          0.9999999403953552,
          0.8005093336105347,
          0.8227554559707642,
          0.6576312780380249,
          0.6910400390625,
          0.5930280685424805,
          0.7377161979675293
        ],
        [
          0.8005093336105347,
          1.0000001192092896,
          0.7443844676017761,
          0.6856232285499573,
          0.5803536176681519,
          0.6433627605438232,
          0.8166500329971313
        ],
        [
          0.8227554559707642,
          0.7443844676017761,
          1.0,
          0.7532505393028259,
          0.6464619636535645,
          0.5927218198776245,
          0.6875610947608948
        ],
        [
          0.6576312780380249,
          0.6856232285499573,
          0.7532505393028259,
          1.0000001192092896,
          0.6396605372428894,
          0.5461606979370117,
          0.6281248927116394
        ],
        [
          0.6910400390625,
          0.5803536176681519,
          0.6464619636535645,
          0.6396605372428894,
          1.0,
          0.44334059953689575,
          0.5432590842247009
        ],
        [
          0.5930280685424805,
          0.6433627605438232,
          0.5927218198776245,
          0.5461606979370117,
          0.44334059953689575,
          1.000000238418579,
          0.7066968679428101
        ],
        [
          0.7377161979675293,
          0.8166500329971313,
          0.6875610947608948,
          0.6281248927116394,
          0.5432590842247009,
          0.7066968679428101,
          1.0
        ]
      ]
    },
    "chase_synonyms": {
      "words": [
        "chase",
        "pursue",
        "follow",
        "hunt",
        "track",
        "stalk",
        "trail"
      ],
      "sim": [
        [
          1.0,
          0.7396582365036011,
          0.6812930703163147,
          0.7457865476608276,
          0.6689807176589966,
          0.6538494825363159,
          0.669184148311615
        ],
        [
          0.7396582365036011,
          1.000000238418579,
          0.7357990741729736,
          0.7107755541801453,
          0.641348659992218,
          0.7401489019393921,
          0.665435791015625
        ],
        [
          0.6812930703163147,
          0.7357990741729736,
          0.9999998211860657,
          0.6251553893089294,
          0.6216821074485779,
          0.7061856985092163,
          0.6723873019218445
        ],
        [
          0.7457865476608276,
          0.7107755541801453,
          0.6251553893089294,
          1.000000238418579,
          0.5980669260025024,
          0.6464756727218628,
          0.6195361614227295
        ],
        [
          0.6689807176589966,
          0.641348659992218,
          0.6216821074485779,
          0.5980669260025024,
          1.000000238418579,
          0.618651270866394,
          0.7010125517845154
        ],
        [
          0.6538494825363159,
          0.7401489019393921,
          0.7061856985092163,
          0.6464756727218628,
          0.618651270866394,
          0.9999997019767761,
          0.6920775771141052
        ],
        [
          0.669184148311615,
          0.665435791015625,
          0.6723873019218445,
          0.6195361614227295,
          0.7010125517845154,
          0.6920775771141052,
          1.0000001192092896
        ]
      ]
    },
    "paint_synonyms": {
      "words": [
        "paint",
        "draw",
        "sketch",
        "illustrate",
        "depict",
        "render",
        "portray"
      ],
      "sim": [
        [
          1.000000238418579,
          0.7452651262283325,
          0.6918011903762817,
          0.6952963471412659,
          0.71528160572052,
          0.7265686988830566,
          0.7123956084251404
        ],
        [
          0.7452651262283325,
          0.9999998807907104,
          0.811632513999939,
          0.7880251407623291,
          0.7438400983810425,
          0.7078272104263306,
          0.7242058515548706
        ],
        [
          0.6918011903762817,
          0.811632513999939,
          1.0000003576278687,
          0.7479859590530396,
          0.7034652829170227,
          0.6965002417564392,
          0.7177222967147827
        ],
        [
          0.6952963471412659,
          0.7880251407623291,
          0.7479859590530396,
          1.0000001192092896,
          0.8632503747940063,
          0.7669551372528076,
          0.8107364177703857
        ],
        [
          0.71528160572052,
          0.7438400983810425,
          0.7034652829170227,
          0.8632503747940063,
          1.0,
          0.756293773651123,
          0.9238369464874268
        ],
        [
          0.7265686988830566,
          0.7078272104263306,
          0.6965002417564392,
          0.7669551372528076,
          0.756293773651123,
          1.000000238418579,
          0.7729911804199219
        ],
        [
          0.7123956084251404,
          0.7242058515548706,
          0.7177222967147827,
          0.8107364177703857,
          0.9238369464874268,
          0.7729911804199219,
          1.0000001192092896
        ]
      ]
    }
  },
  "jitter": {
    "{word} eat fish": {
      "role": "subject",
      "word_sent_correlation": 0.8965538582008461,
      "compression_ratio": "0.7090644"
    },
    "{word} carry rocks": {
      "role": "subject",
      "word_sent_correlation": 0.8982543244005097,
      "compression_ratio": "0.6086686"
    },
    "{word} watch stars": {
      "role": "subject",
      "word_sent_correlation": 0.8788437212024645,
      "compression_ratio": "0.74838763"
    },
    "{word} destroy flowers": {
      "role": "subject",
      "word_sent_correlation": 0.9047176197219466,
      "compression_ratio": "0.5823494"
    },
    "{word} collect coins": {
      "role": "subject",
      "word_sent_correlation": 0.9326250192166223,
      "compression_ratio": "0.6948268"
    },
    "{word} chase books": {
      "role": "subject",
      "word_sent_correlation": 0.9307928328905463,
      "compression_ratio": "0.52020335"
    },
    "{word} paint bridges": {
      "role": "subject",
      "word_sent_correlation": 0.8981539229621378,
      "compression_ratio": "0.71047425"
    },
    "{word} hide shadows": {
      "role": "subject",
      "word_sent_correlation": 0.9295456863850953,
      "compression_ratio": "0.6046909"
    },
    "Cats {word} fish": {
      "role": "predicate",
      "word_sent_correlation": 0.5098342871638194,
      "compression_ratio": "0.2924971"
    },
    "Trucks {word} rocks": {
      "role": "predicate",
      "word_sent_correlation": 0.18935717141073727,
      "compression_ratio": "0.59830976"
    },
    "Children {word} stars": {
      "role": "predicate",
      "word_sent_correlation": 0.32589022043886057,
