{
  "isolated_grid_sim": [
    [
      1.0,
      0.5453190207481384,
      0.5820926427841187,
      0.5741903781890869,
      0.5173691511154175,
      0.524052619934082,
      0.6065188646316528,
      0.5660125017166138,
      0.5462791919708252
    ],
    [
      0.5453190207481384,
      0.9999997019767761,
      0.5075064897537231,
      0.5099921226501465,
      0.5416290163993835,
      0.5006539821624756,
      0.5448944568634033,
      0.6038180589675903,
      0.5524105429649353
    ],
    [
      0.5820926427841187,
      0.5075064897537231,
      1.0000001192092896,
      0.5132439136505127,
      0.5281511545181274,
      0.5099673271179199,
      0.5745799541473389,
      0.5764940977096558,
      0.6016036868095398
    ],
    [
      0.5741903781890869,
      0.5099921226501465,
      0.5132439136505127,
      0.9999998211860657,
      0.6016749143600464,
      0.6835426092147827,
      0.7083175778388977,
      0.5930981040000916,
      0.5540472269058228
    ],
    [
      0.5173691511154175,
      0.5416290163993835,
      0.5281511545181274,
      0.6016749143600464,
      1.000000238418579,
      0.6303349733352661,
      0.575969934463501,
      0.569916844367981,
      0.49515628814697266
    ],
    [
      0.524052619934082,
      0.5006539821624756,
      0.5099673271179199,
      0.6835426092147827,
      0.6303349733352661,
      0.9999998807907104,
      0.6247190237045288,
      0.5751723051071167,
      0.588672399520874
    ],
    [
      0.6065188646316528,
      0.5448944568634033,
      0.5745799541473389,
      0.7083175778388977,
      0.575969934463501,
      0.6247190237045288,
      0.9999998807907104,
      0.638643741607666,
      0.5742689371109009
    ],
    [
      0.5660125017166138,
      0.6038180589675903,
      0.5764940977096558,
      0.5930981040000916,
      0.569916844367981,
      0.5751723051071167,
      0.638643741607666,
      0.9999998807907104,
      0.6421471834182739
    ],
    [
      0.5462791919708252,
      0.5524105429649353,
      0.6016036868095398,
      0.5540472269058228,
      0.49515628814697266,
      0.588672399520874,
      0.5742689371109009,
      0.6421471834182739,
      1.0000003576278687
    ]
  ],
  "taxonomies": {
    "dog_hierarchy": {
      "words": [
        "puppy",
        "dog",
        "hound",
        "canine",
        "mammal",
        "animal",
        "creature"
      ],
      "sim": [
        [
          0.9999998211860657,
          0.8327733278274536,
          0.7224785089492798,
          0.8557919263839722,
          0.6756469011306763,
          0.745352029800415,
          0.6187257766723633
        ],
        [
          0.8327733278274536,
          0.9999998807907104,
          0.7794886827468872,
          0.9472588896751404,
          0.8156474828720093,
          0.8760340809822083,
          0.7138954401016235
        ],
        [
          0.7224785089492798,
          0.7794886827468872,
          0.9999997615814209,
          0.791445255279541,
          0.6839643716812134,
          0.7372512817382812,
          0.6976300477981567
        ],
        [
          0.8557919263839722,
          0.9472588896751404,
          0.791445255279541,
          0.9999997615814209,
          0.8081372976303101,
          0.8386807441711426,
          0.7128027677536011
        ],
        [
          0.6756469011306763,
          0.8156474828720093,
          0.6839643716812134,
          0.8081372976303101,
          1.000000238418579,
          0.881544828414917,
          0.7863271236419678
        ],
        [
          0.745352029800415,
          0.8760340809822083,
          0.7372512817382812,
          0.8386807441711426,
          0.881544828414917,
          1.0000001192092896,
          0.8309348821640015
        ],
        [
          0.6187257766723633,
          0.7138954401016235,
          0.6976300477981567,
          0.7128027677536011,
          0.7863271236419678,
          0.8309348821640015,
          1.0
        ]
      ]
    },
    "cat_hierarchy": {
      "words": [
        "kitten",
        "cat",
        "feline",
        "mammal",
        "animal",
        "creature"
      ],
      "sim": [
        [
          1.0000003576278687,
          0.8290932178497314,
          0.8344470858573914,
          0.6038979887962341,
          0.6815997362136841,
          0.6332169771194458
        ],
        [
          0.8290932178497314,
          0.9999997615814209,
          0.9233715534210205,
          0.6695666909217834,
          0.7687363624572754,
          0.66781085729599
        ],
        [
          0.8344470858573914,
          0.9233715534210205,
          1.0,
          0.6753493547439575,
          0.7546586990356445,
          0.6701210141181946
        ],
        [
          0.6038979887962341,
          0.6695666909217834,
          0.6753493547439575,
          1.000000238418579,
          0.881544828414917,
          0.7863271236419678
        ],
        [
          0.6815997362136841,
          0.7687363624572754,
          0.7546586990356445,
          0.881544828414917,
          1.0000001192092896,
          0.8309348821640015
        ],
        [
          0.6332169771194458,
          0.66781085729599,
          0.6701210141181946,
          0.7863271236419678,
          0.8309348821640015,
          1.0
        ]
      ]
    },
    "fish_hierarchy": {
      "words": [
        "trout",
        "fish",
        "seafood",
        "food",
        "thing"
      ],
      "sim": [
        [
          0.9999998807907104,
          0.7507302165031433,
          0.5498670339584351,
          0.5249879360198975,
          0.5058192014694214
        ],
        [
          0.7507302165031433,
          0.9999998807907104,
          0.7765098214149475,
          0.7488521337509155,
          0.6022249460220337
        ],
        [
          0.5498670339584351,
          0.7765098214149475,
          1.0000001192092896,
          0.7396952509880066,
          0.4930858016014099
        ],
        [
          0.5249879360198975,
          0.7488521337509155,
          0.7396952509880066,
          1.0000001192092896,
          0.5979416966438293
        ],
        [
          0.5058192014694214,
          0.6022249460220337,
          0.4930858016014099,
          0.5979416966438293,
          0.9999998807907104
        ]
      ]
    },
    "rock_hierarchy": {
      "words": [
        "pebble",
        "rock",
        "stone",
        "mineral",
        "object",
        "thing"
      ],
      "sim": [
        [
          1.0000003576278687,
          0.6929891109466553,
          0.77618807554245,
          0.6776601076126099,
          0.5887541770935059,
          0.5949043035507202
        ],
        [
          0.6929891109466553,
          1.0,
          0.769345760345459,
          0.7226491570472717,
          0.6404104232788086,
          0.623782753944397
        ],
        [
          0.77618807554245,
          0.769345760345459,
          0.9999998807907104,
          0.7682249546051025,
          0.6597527265548706,
          0.6107978224754333
        ],
        [
          0.6776601076126099,
          0.7226491570472717,
          0.7682249546051025,
          0.9999998807907104,
          0.6602450609207153,
          0.5920034646987915
        ],
        [
          0.5887541770935059,
          0.6404104232788086,
          0.6597527265548706,
          0.6602450609207153,
          1.0,
          0.7594399452209473
        ],
        [
          0.5949043035507202,
          0.623782753944397,
          0.6107978224754333,
          0.5920034646987915,
          0.7594399452209473,
          0.9999998807907104
        ]
      ]
    },
    "eat_synonyms": {
      "words": [
        "eat",
        "consume",
        "devour",
        "ingest",
        "munch"
      ],
      "sim": [
        [
          0.9999998211860657,
          0.8658891916275024,
          0.735833466053009,
          0.7984169721603394,
          0.6322066783905029
        ],
        [
          0.8658891916275024,
          0.9999998211860657,
          0.7981544733047485,
          0.8892638087272644,
          0.6159762144088745
        ],
        [
          0.735833466053009,
          0.7981544733047485,
          0.9999996423721313,
          0.8018872737884521,
          0.6467355489730835
        ],
        [
          0.7984169721603394,
          0.8892638087272644,
          0.8018872737884521,
          0.9999999403953552,
          0.6204596161842346
        ],
        [
          0.6322066783905029,
          0.6159762144088745,
          0.6467355489730835,
          0.6204596161842346,
          0.9999998807907104
        ]
      ]
    },
    "carry_synonyms": {
      "words": [
        "carry",
        "transport",
        "haul",
        "move",
        "bring"
      ],
      "sim": [
        [
          1.000000238418579,
          0.6196881532669067,
          0.6201066970825195,
          0.6641088128089905,
          0.7440534830093384
        ],
        [
          0.6196881532669067,
          1.0,
          0.5561748743057251,
          0.6168653964996338,
          0.6040164232254028
        ],
        [
          0.6201066970825195,
          0.5561748743057251,
          1.0000001192092896,
          0.6602345705032349,
          0.7032594084739685
        ],
        [
          0.6641088128089905,
          0.6168653964996338,
          0.6602345705032349,
          0.9999999403953552,
          0.7451810240745544
        ],
        [
          0.7440534830093384,
          0.6040164232254028,
          0.7032594084739685,
          0.7451810240745544,
          1.0000001192092896
        ]
      ]
    },
    "watch_synonyms": {
      "words": [
        "watch",
        "observe",
        "view",
        "see",
        "gaze at"
      ],
      "sim": [
        [
          0.9999998807907104,
          0.7815356254577637,
          0.6957135796546936,
          0.75612473487854,
          0.6922323703765869
        ],
        [
          0.7815356254577637,
          1.0000001192092896,
          0.6455278396606445,
          0.7348175048828125,
          0.7534551620483398
        ],
        [
          0.6957135796546936,
          0.6455278396606445,
          0.9999998807907104,
          0.7171573042869568,
          0.6769276261329651
        ],
        [
          0.75612473487854,
          0.7348175048828125,
          0.7171573042869568,
          0.9999997615814209,
          0.72215735912323
        ],
        [
          0.6922323703765869,
          0.7534551620483398,
          0.6769276261329651,
          0.72215735912323,
          1.000000238418579
        ]
      ]
    }
  },
  "jitter": {
    "{word} eat fish": {
      "role": "subject",
      "hierarchy": [
        "puppy",
        "dog",
        "hound",
        "canine",
        "mammal",
        "animal",
        "creature"
      ],
      "word_sent_correlation": 0.9168519038351601,
      "compression_ratio": "0.65917945",
      "pairs": [
        "puppy\u2194dog",
        "puppy\u2194hound",
        "puppy\u2194canine",
        "puppy\u2194mammal",
        "puppy\u2194animal",
        "puppy\u2194creature",
        "dog\u2194hound",
        "dog\u2194canine",
        "dog\u2194mammal",
        "dog\u2194animal",
        "dog\u2194creature",
        "hound\u2194canine",
        "hound\u2194mammal",
        "hound\u2194animal",
        "hound\u2194creature",
        "canine\u2194mammal",
        "canine\u2194animal",
        "canine\u2194creature",
        "mammal\u2194animal",
        "mammal\u2194creature",
        "animal\u2194creature"
      ]
    },
    "{word} carry rocks": {
      "role": "subject",
      "hierarchy": [
        "puppy",
        "dog",
        "hound",
        "canine",
        "mammal",
        "animal",
        "creature"
      ],
      "word_sent_correlation": 0.939356963009354,
      "compression_ratio": "0.5397532",
      "pairs": [
        "puppy\u2194dog",
        "puppy\u2194hound",
        "puppy\u2194canine",
        "puppy\u2194mammal",
        "puppy\u2194animal",
        "puppy\u2194creature",
        "dog\u2194hound",
        "dog\u2194canine",
        "dog\u2194mammal",
        "dog\u2194animal",
        "dog\u2194creature",
        "hound\u2194canine",
        "hound\u2194mammal",
        "hound\u2194animal",
        "hound\u2194creature",
        "canine\u2194mammal",
        "canine\u2194animal",
        "canine\u2194creature",
        "mammal\u2194animal",
        "mammal\u2194creature",
        "animal\u2194creature"
      ]
    },
    "{word} watch stars": {
      "role": "subject",
      "hierarchy": [
        "puppy",
        "dog",
        "hound",
        "canine",
        "mammal",
        "animal",
        "creature"
      ],
      "word_sent_correlation": 0.8646560202311115,
      "compression_ratio": "0.48652226",
      "pairs": [
        "puppy\u2194dog",
        "puppy\u2194hound",
        "puppy\u2194canine",
        "puppy\u2194mammal",
        "puppy\u2194animal",
        "puppy\u2194creature",
        "dog\u2194hound",
        "dog\u2194canine",
        "dog\u2194mammal",
        "dog\u2194animal",
        "dog\u2194creature",
        "hound\u2194canine",
        "hound\u2194mammal",
        "hound\u2194animal",
        "hound\u2194creature",
        "canine\u2194mammal",
        "canine\u2194animal",
        "canine\u2194creature",
        "mammal\u2194animal",
        "mammal\u2194creature",
        "animal\u2194creature"
      ]
    },
    "Cats {word} fish": {
      "role": "predicate",
      "hierarchy": [
        "eat",
        "consume",
        "devour",
        "ingest",
        "munch"
      ],
      "word_sent_correlation": 0.9432441578589864,
      "compression_ratio": "0.2288846",
      "pairs": [
        "eat\u2194consume",
        "eat\u2194devour",
        "eat\u2194ingest",
        "eat\u2194munch",
        "consume\u2194devour",
        "consume\u2194ingest",
        "consume\u2194munch",
        "devour\u2194ingest",
        "devour\u2194munch",
        "ingest\u2194munch"
      ]
    },
    "Trucks {word} rocks": {
      "role": "predicate",
      "hierarchy": [
        "eat",
        "consume",
        "devour",
        "ingest",
        "munch"
      ],
      "word_sent_correlation": 0.859139594912637,
      "compression_ratio": "0.15964955",
      "pairs": [
        "eat\u2194consume",
        "eat\u2194devour",
        "eat\u2194ingest",
        "eat\u2194munch",
        "consume\u2194devour",
        "consume\u2194ingest",
        "consume\u2194munch",
        "devour\u2194ingest",
        "devour\u2194munch",
        "ingest\u2194munch"
      ]
    },
    "Children {word} stars": {
      "role": "predicate",
      "hierarchy": [
        "eat",
        "consume",
        "devour",
        "ingest",
        "munch"
      ],
      "word_sent_correlation": 0.9547078950439079,
      "compression_ratio": "0.63154674",
      "pairs": [
        "eat\u2194consume",
        "eat\u2194devour",
        "eat\u2194ingest",
        "eat\u2194munch",
        "consume\u2194devour",
        "consume\u2194ingest",
        "consume\u2194munch",
        "devour\u2194ingest",
        "devour\u2194munch",
        "ingest\u2194munch"
      ]
    },
    "Cats eat {word}": {
      "role": "object",
      "hierarchy": [
        "trout",
        "fish",
        "seafood",
        "food",
        "thing"
      ],
      "word_sent_correlation": 0.6134501423738289,
      "compression_ratio": "0.56717175",
      "pairs": [
        "trout\u2194fish",
        "trout\u2194seafood",
        "trout\u2194food",
        "trout\u2194thing",
        "fish\u2194seafood",
        "fish\u2194food",
        "fish\u2194thing",
        "seafood\u2194food",
        "seafood\u2194thing",
        "food\u2194thing"
      ]
    },
    "Trucks carry {word}": {
      "role": "object",
      "hierarchy": [
        "trout",
        "fish",
        "seafood",
        "food",
        "thing"
      ],
      "word_sent_correlation": 0.8818672307273127,
      "compression_ratio": "0.6598106",
      "pairs": [
        "trout\u2194fish",
        "trout\u2194seafood",
        "trout\u2194food",
        "trout\u2194thing",
        "fish\u2194seafood",
        "fish\u2194food",
        "fish\u2194thing",
        "seafood\u2194food",
        "seafood\u2194thing",
        "food\u2194thing"
      ]
    },
    "Children watch {word}": {
      "role": "object",
      "hierarchy": [
        "trout",
        "fish",
        "seafood",
        "food",
        "thing"
      ],
      "word_sent_correlation": 0.7729490934374289,
      "compression_ratio": "0.84435254",
      "pairs": [
        "trout\u2194fish",
        "trout\u2194seafood",
        "trout\u2194food",
        "trout\u2194thing",
        "fish\u2194seafood",
        "fish\u2194food",
        "fish\u2194thing",
        "seafood\u2194food",
        "seafood\u2194thing",
        "food\u2194thing"
      ]
    }
  }
}